      
 120 BOARD  
         a    b    c    d    e    f    g    h
    65   65   65   65   65   65   65   65   65   65
    65   65   65   65   65   65   65   65   65   65
 1  65    0    1    2    3    4    5    6    7   65
 2  65    8    9   10   11   12   13   14   15   65
 3  65   16   17   18   19   20   21   22   23   65
 4  65   24   25   26   27   28   29   30   31   65
 5  65   32   33   34   35   36   37   38   39   65
 6  65   40   41   42   43   44   45   46   47   65
 7  65   48   49   50   51   52   53   54   55   65
 8  65   56   57   58   59   60   61   62   63   65
    65   65   65   65   65   65   65   65   65   65
    65   65   65   65   65   65   65   65   65   65

          a    b    c    d    e    f    g    h
     0    1    2    3    4    5    6    7    8    9
    10   11   12   13   14   15   16   17   18   19
 1  20   21   22   23   24   25   26   27   28   29
 2  30   31   32   33   34   35   36   37   38   39
 3  40   41   42   43   44   45   46   47   48   49
 4  50   51   52   53   54   55   56   57   58   59
 5  60   61   62   63   64   65   66   67   68   69
 6  70   71   72   73   74   75   76   77   78   79
 7  80   81   82   83   84   85   86   87   88   89
 8  90   91   92   93   94   95   96   97   98   99
   100  101  102  103  104  105  106  107  108  109
   110  111  112  113  114  115  116  117  118  119

board120[21] will return 0;

64 BOARD
    a    b    c    d    e    f    g    h           
 1  21   22   23   24   25   26   27   28
 2  31   32   33   34   35   36   37   38
 3  41   42   43   44   45   46   47   48
 4  51   52   53   54   55   56   57   58
 5  61   62   63   64   65   66   67   68
 6  71   72   73   74   75   76   77   78
 7  81   82   83   84   85   86   87   88
 8  91   92   93   94   95   96   97   98
 
board64[2] will return 22

 ACTUAL BOARD
     a    b    c    d    e    f    g    h
8    91   92   93   94   95   96   97   98
7    81   82   83   84   85   86   87   88
6    71   72   73   74   75   76   77   78
5    61   62   63   64   65   66   67   68
4    51   52   53   54   55   56   57   58
3    41   42   43   44   45   46   47   48
2    31   32   33   34   35   36   37   38
1    21   22   23   24   25   26   27   28